Monde 20 40  
Beauce 5 5 10 10
Energie Nourriture 50 
Seuil Reproduction 4000   

#animaux un par ligne
(3 29) 0 50 | 66 106 166 216 166 166 106 66 |  
(12 2) 3 50 | 54 94 154 204 154 154 94 54 | 
(7 9) 0 50 | 113 153 213 263 213 213 153 113 | 
(19 9) 5 50 | 108 148 208 258 208 208 148 108 |
(0 13) 3 50 | 79 119 179 229 179 179 119 79 |
(16 15) 1 50 | 27 67 127 177 127 127 67 27 |
(19 27) 2 50 | 34 74 134 184 134 134 74 34 |
(19 29) 3 50 | 22 62 122 172 122 122 62 22 |   
(7 32) 1 50 | 37 77 137 187 137 137 77 37 | 